,Lat,Long,-,Alt,dayNo,Date,Time,datetime,Transportation Mode,x,y
0,39.975138,116.32971299999998,0,251,39704.4667361111,2008-09-13,11:12:06,2008-09-13 11:12:06,walk,-653.7576485541673,-149.58357761140397
1,39.975313,116.329536,0,251,39704.4667592593,2008-09-13,11:12:08,2008-09-13 11:12:08,walk,-668.8358469049605,-130.12949198842907
2,39.97521500000001,116.32958,0,240,39704.4667708333,2008-09-13,11:12:09,2008-09-13 11:12:09,walk,-665.0875942071959,-141.02377988757863
3,39.975205,116.329577,0,232,39704.4667939815,2008-09-13,11:12:11,2008-09-13 11:12:11,walk,-665.3431568921702,-142.13544192603146
4,39.975203,116.329571,0,234,39704.4668171296,2008-09-13,11:12:13,2008-09-13 11:12:13,walk,-665.8542822599507,-142.35777433387574
5,39.975201,116.329567,0,235,39704.4668402778,2008-09-13,11:12:15,2008-09-13 11:12:15,walk,-666.1950325044146,-142.58010674177126
6,39.975199,116.32956,0,236,39704.4668634259,2008-09-13,11:12:17,2008-09-13 11:12:17,walk,-666.7913454338516,-142.80243914901084
7,39.975192,116.329549,0,236,39704.4668865741,2008-09-13,11:12:19,2008-09-13 11:12:19,walk,-667.72840860775,-143.5806025768744
8,39.975186,116.329532,0,237,39704.4669097222,2008-09-13,11:12:21,2008-09-13 11:12:21,walk,-669.176597151589,-144.24759980085298
9,39.975182,116.329512,0,237,39704.466932870404,2008-09-13,11:12:23,2008-09-13 11:12:23,walk,-670.8803483782245,-144.6922646182734
10,39.975178,116.329494,0,237,39704.4669560185,2008-09-13,11:12:25,2008-09-13 11:12:25,walk,-672.4137244815391,-145.13692943448459
11,39.975172,116.329479,0,237,39704.4669791667,2008-09-13,11:12:27,2008-09-13 11:12:27,walk,-673.6915378998788,-145.80392665953912
12,39.975166,116.329462,0,238,39704.4670023148,2008-09-13,11:12:29,2008-09-13 11:12:29,walk,-675.1397264436927,-146.47092388505482
13,39.97516,116.329446,0,238,39704.467025463,2008-09-13,11:12:31,2008-09-13 11:12:31,walk,-676.5027274236776,-147.13792111103166
14,39.975158,116.329428,0,237,39704.4670486111,2008-09-13,11:12:33,2008-09-13 11:12:33,walk,-678.0361035291344,-147.36025352002878
15,39.975103,116.329407,0,231,39704.4670717593,2008-09-13,11:12:35,2008-09-13 11:12:35,walk,-679.8250423152128,-153.4743947829325
16,39.975119,116.32936399999998,0,217,39704.4670949074,2008-09-13,11:12:37,2008-09-13 11:12:37,walk,-683.4881074533299,-151.69573550253202
17,39.975092,116.32937,0,210,39704.4671180556,2008-09-13,11:12:39,2008-09-13 11:12:39,walk,-682.9769820855757,-154.69722304072886
18,39.975059,116.329376,0,201,39704.4671412037,2008-09-13,11:12:41,2008-09-13 11:12:41,walk,-682.4658567178209,-158.36570782058894
19,39.975041,116.329379,0,193,39704.467164351896,2008-09-13,11:12:43,2008-09-13 11:12:43,walk,-682.2102940328593,-160.3666995259883
20,39.974995,116.329404,0,185,39704.4671875,2008-09-13,11:12:45,2008-09-13 11:12:45,walk,-680.0806050001761,-165.48034501176207
21,39.974972,116.329409,0,180,39704.4672106481,2008-09-13,11:12:47,2008-09-13 11:12:47,walk,-679.6546671940714,-168.03716776445972
22,39.974929,116.329382,0,171,39704.4672337963,2008-09-13,11:12:49,2008-09-13 11:12:49,walk,-681.9547313500651,-172.81731466885256
23,39.974882,116.329374,0,167,39704.4672569444,2008-09-13,11:12:51,2008-09-13 11:12:51,walk,-682.6362318389608,-178.042126429722
24,39.974852,116.329363,0,161,39704.4672800926,2008-09-13,11:12:53,2008-09-13 11:12:53,walk,-683.5732950149834,-181.37711267406175
25,39.974839,116.329315,0,154,39704.4673032407,2008-09-13,11:12:55,2008-09-13 11:12:55,walk,-687.6622979569875,-182.8222733829804
26,39.974849,116.329282,0,149,39704.4673263889,2008-09-13,11:12:57,2008-09-13 11:12:57,walk,-690.4734874806702,-181.71061129905905
27,39.974843,116.329269,0,147,39704.467349537,2008-09-13,11:12:59,2008-09-13 11:12:59,walk,-691.5809257778064,-182.37760854939958
28,39.974846,116.329256,0,142,39704.4673726852,2008-09-13,11:13:01,2008-09-13 11:13:01,walk,-692.6883640749389,-182.04410992417164
29,39.974882,116.329232,0,134,39704.4673958333,2008-09-13,11:13:03,2008-09-13 11:13:03,walk,-694.7328655458915,-178.042126429722
30,39.974884,116.329238,0,134,39704.4674189815,2008-09-13,11:13:05,2008-09-13 11:13:05,walk,-694.2217401781545,-177.8197940129469
31,39.974893,116.329238,0,128,39704.4674421296,2008-09-13,11:13:07,2008-09-13 11:13:07,walk,-694.2217401781545,-176.8192981423357
32,39.9749,116.329232,0,125,39704.4674652778,2008-09-13,11:13:09,2008-09-13 11:13:09,walk,-694.7328655458915,-176.04113468836897
33,39.97490300000001,116.329233,0,123,39704.4674884259,2008-09-13,11:13:11,2008-09-13 11:13:11,walk,-694.6476779842409,-175.70763606391722
34,39.974914,116.32925,0,119,39704.467511574105,2008-09-13,11:13:13,2008-09-13 11:13:13,walk,-693.1994894426782,-174.48480778161138
35,39.974933,116.329246,0,117,39704.4675347222,2008-09-13,11:13:15,2008-09-13 11:13:15,walk,-693.5402396871148,-172.37264983988314
36,39.974958,116.329246,0,116,39704.4675578704,2008-09-13,11:13:17,2008-09-13 11:13:17,walk,-693.5402396871148,-169.59349466152318
37,39.974988,116.329242,0,113,39704.4675810185,2008-09-13,11:13:19,2008-09-13 11:13:19,walk,-693.8809899337185,-166.25850845721047
38,39.975056,116.329205,0,109,39704.4676041667,2008-09-13,11:13:21,2008-09-13 11:13:21,walk,-697.0329297017819,-158.69920643763155
39,39.975109,116.329203,0,107,39704.4676273148,2008-09-13,11:13:23,2008-09-13 11:13:23,walk,-697.2033048229144,-152.80739755186767
40,39.975165,116.329185,0,105,39704.467650463,2008-09-13,11:13:25,2008-09-13 11:13:25,walk,-698.736680928277,-146.5820900898237
41,39.975185,116.329177,0,104,39704.4676736111,2008-09-13,11:13:27,2008-09-13 11:13:27,walk,-699.4181814193058,-144.35876600465852
42,39.97522100000001,116.329176,0,104,39704.4676967593,2008-09-13,11:13:29,2008-09-13 11:13:29,walk,-699.5033689787879,-140.3567826651218
43,39.975265,116.32918,0,107,39704.4677199074,2008-09-13,11:13:31,2008-09-13 11:13:31,walk,-699.1626187343574,-135.46546972018598
44,39.975313,116.329179,0,110,39704.467743055604,2008-09-13,11:13:33,2008-09-13 11:13:33,walk,-699.247806296007,-130.12949198842907
45,39.975344,116.329175,0,114,39704.4677662037,2008-09-13,11:13:35,2008-09-13 11:13:35,walk,-699.5885565404373,-126.68333971875613
46,39.975362,116.329165,0,114,39704.4677893519,2008-09-13,11:13:37,2008-09-13 11:13:37,walk,-700.440432154763,-124.68234808392711
47,39.975356,116.329173,0,111,39704.4678125,2008-09-13,11:13:39,2008-09-13 11:13:39,walk,-699.7589316637361,-125.34934529554707
48,39.975387,116.329148,0,108,39704.4678356481,2008-09-13,11:13:41,2008-09-13 11:13:41,walk,-701.8886206962939,-121.9031930429493
49,39.975388,116.329151,0,108,39704.4678587963,2008-09-13,11:13:43,2008-09-13 11:13:43,walk,-701.6330580135149,-121.79202684102414
50,39.975369,116.329164,0,104,39704.4678819444,2008-09-13,11:13:45,2008-09-13 11:13:45,walk,-700.5256197142446,-123.90418467130688
51,39.975325,116.329191,0,99,39704.4679050926,2008-09-13,11:13:47,2008-09-13 11:13:47,walk,-698.2255555605461,-128.7954975597477
52,39.975275,116.329216,0,94,39704.4679282407,2008-09-13,11:13:49,2008-09-13 11:13:49,walk,-696.0958665279646,-134.3538076894189
53,39.975249,116.32922,0,86,39704.4679513889,2008-09-13,11:13:51,2008-09-13 11:13:51,walk,-695.755116281363,-137.2441289706634
54,39.97524600000001,116.32922,0,85,39704.467974537,2008-09-13,11:13:53,2008-09-13 11:13:53,walk,-695.755116281363,-137.57762757899036
55,39.97524600000001,116.329223,0,85,39704.4679976852,2008-09-13,11:13:55,2008-09-13 11:13:55,walk,-695.4995535985793,-137.57762757899036
56,39.975245,116.329225,0,85,39704.4680208333,2008-09-13,11:13:57,2008-09-13 11:13:57,walk,-695.3291784752781,-137.6887937834416
57,39.97522,116.329243,0,83,39704.4680439815,2008-09-13,11:13:59,2008-09-13 11:13:59,walk,-693.7958023720678,-140.46794887060045
58,39.975191,116.329265,0,78,39704.4680671296,2008-09-13,11:14:01,2008-09-13 11:14:01,walk,-691.9216760222447,-143.69176878060313
59,39.975137,116.329303,0,74,39704.4680902778,2008-09-13,11:14:03,2008-09-13 11:14:03,walk,-688.6845486924807,-149.6947438165315
60,39.975095,116.329343,0,70,39704.4681134259,2008-09-13,11:14:05,2008-09-13 11:14:05,walk,-685.277046241547,-154.36372442436252
61,39.975056,116.329374,0,65,39704.4681365741,2008-09-13,11:14:07,2008-09-13 11:14:07,walk,-682.6362318389608,-158.69920643763155
62,39.975018,116.329389,0,61,39704.4681597222,2008-09-13,11:14:09,2008-09-13 11:14:09,walk,-681.3584184184872,-162.92352226513347
63,39.974982,116.329429,0,56,39704.4681828704,2008-09-13,11:14:11,2008-09-13 11:14:11,walk,-677.9509159674794,-166.92550569757503
64,39.974939,116.329471,0,52,39704.4682060185,2008-09-13,11:14:13,2008-09-13 11:14:13,walk,-674.3730383909585,-171.70565259645977
65,39.97489,116.329519,0,49,39704.4682291667,2008-09-13,11:14:15,2008-09-13 11:14:15,walk,-670.2840354487946,-177.15279676575747
66,39.974862,116.329558,0,45,39704.4682523148,2008-09-13,11:14:17,2008-09-13 11:14:17,walk,-666.9617205571669,-180.26545059109847
67,39.974823,116.329602,0,43,39704.468275463,2008-09-13,11:14:19,2008-09-13 11:14:19,walk,-663.2134678593824,-184.6009327214746
68,39.97479000000001,116.329644,0,40,39704.4682986111,2008-09-13,11:14:21,2008-09-13 11:14:21,walk,-659.6355902827087,-188.2694176143375
69,39.974753,116.329689,0,38,39704.468321759305,2008-09-13,11:14:23,2008-09-13 11:14:23,walk,-655.8021500231848,-192.38256736267283
70,39.974722,116.32978,0,36,39704.4683449074,2008-09-13,11:14:25,2008-09-13 11:14:25,walk,-648.0500819423502,-195.82871986702872
71,39.974712,116.329805,0,35,39704.4683680556,2008-09-13,11:14:27,2008-09-13 11:14:27,walk,-645.9203929094576,-196.94038196792525
72,39.974705,116.329824,0,34,39704.4683912037,2008-09-13,11:14:29,2008-09-13 11:14:29,walk,-644.3018292443641,-197.71854543945645
73,39.974772,116.329843,0,31,39704.4684143519,2008-09-13,11:14:31,2008-09-13 11:14:31,walk,-642.6832655792633,-190.27040938246753
74,39.974936,116.329655,0,13,39704.4684375,2008-09-13,11:14:33,2008-09-13 11:14:33,walk,-658.6985271087884,-172.03915121811383
75,39.974897,116.329532,0,4,39704.4684606481,2008-09-13,11:14:35,2008-09-13 11:14:35,walk,-669.176597151589,-176.37463331152173
76,39.974844,116.329528,0,0,39704.4684837963,2008-09-13,11:14:37,2008-09-13 11:14:37,walk,-669.5173473960497,-182.26644234121318
77,39.97482,116.329538,0,-9,39704.4685069444,2008-09-13,11:14:39,2008-09-13 11:14:39,walk,-668.6654717838135,-184.93443134758638
78,39.974861,116.329571,0,-13,39704.4685300926,2008-09-13,11:14:41,2008-09-13 11:14:41,walk,-665.8542822599507,-180.37661679976145
79,39.974905,116.329568,0,-19,39704.468553240695,2008-09-13,11:14:43,2008-09-13 11:14:43,walk,-666.1098449449244,-175.48530364980152
80,39.974895,116.329588,0,-25,39704.4685763889,2008-09-13,11:14:45,2008-09-13 11:14:45,walk,-664.4060937160978,-176.59696572725667
81,39.974946,116.329596,0,-27,39704.468599537,2008-09-13,11:14:47,2008-09-13 11:14:47,walk,-663.7245932271658,-170.92748914591053
82,39.974987,116.329585,0,-28,39704.4686226852,2008-09-13,11:14:49,2008-09-13 11:14:49,walk,-664.6616564010726,-166.36967466425946
83,39.97499000000001,116.32959,0,-28,39704.4686458333,2008-09-13,11:14:51,2008-09-13 11:14:51,walk,-664.2357185949487,-166.03617604315096
84,39.974993,116.329591,0,-29,39704.4686689815,2008-09-13,11:14:53,2008-09-13 11:14:53,walk,-664.1505310332905,-165.70267742498635
85,39.975046,116.329576,0,-29,39704.4686921296,2008-09-13,11:14:55,2008-09-13 11:14:55,walk,-665.4283444538281,-159.81086849645155
86,39.975046,116.329573,0,-29,39704.4687152778,2008-09-13,11:14:57,2008-09-13 11:14:57,walk,-665.6839071366347,-159.81086849645155
87,39.975079,116.329552,0,-31,39704.4687384259,2008-09-13,11:14:59,2008-09-13 11:14:59,walk,-667.472845924945,-156.14238370968187
88,39.975136,116.329549,0,-32,39704.4687615741,2008-09-13,11:15:01,2008-09-13 11:15:01,walk,-667.72840860775,-149.80591002096472
89,39.97515900000001,116.329553,0,-33,39704.4687847222,2008-09-13,11:15:03,2008-09-13 11:15:03,walk,-667.3876583632875,-147.24908731446308
90,39.975209,116.329526,0,-35,39704.4688078704,2008-09-13,11:15:05,2008-09-13 11:15:05,walk,-669.6877225193639,-141.69077711120377
91,39.975222,116.329522,0,-35,39704.4688310185,2008-09-13,11:15:07,2008-09-13 11:15:07,walk,-670.0284727638239,-140.24561646319168
92,39.975223,116.329522,0,-35,39704.4688541667,2008-09-13,11:15:09,2008-09-13 11:15:09,walk,-670.0284727638239,-140.13445025986007
93,39.975223,116.329521,0,-35,39704.4688773148,2008-09-13,11:15:11,2008-09-13 11:15:11,walk,-670.113660325481,-140.13445025986007
94,39.975223,116.329517,0,-35,39704.468900463,2008-09-13,11:15:13,2008-09-13 11:15:13,walk,-670.4544105721085,-140.13445025986007
95,39.975224,116.329515,0,-35,39704.4689236111,2008-09-13,11:15:15,2008-09-13 11:15:15,walk,-670.6247856932544,-140.0232840565413
96,39.975224,116.329512,0,-36,39704.468946759305,2008-09-13,11:15:17,2008-09-13 11:15:17,walk,-670.8803483782245,-140.0232840565413
97,39.975224,116.329509,0,-36,39704.4689699074,2008-09-13,11:15:19,2008-09-13 11:15:19,walk,-671.1359110610271,-140.0232840565413
98,39.975223,116.329504,0,-36,39704.4689930556,2008-09-13,11:15:21,2008-09-13 11:15:21,walk,-671.5618488671423,-140.13445025986007
99,39.975226,116.329501,0,-36,39704.4690162037,2008-09-13,11:15:23,2008-09-13 11:15:23,walk,-671.8174115521119,-139.80095164923503
100,39.975228,116.329499,0,-36,39704.4690393518,2008-09-13,11:15:25,2008-09-13 11:15:25,walk,-671.9877866754247,-139.57861924198
101,39.975232,116.329498,0,-36,39704.4690625,2008-09-13,11:15:27,2008-09-13 11:15:27,walk,-672.0729742349135,-139.13395442762362
102,39.975234,116.329498,0,-36,39704.4690856481,2008-09-13,11:15:29,2008-09-13 11:15:29,walk,-672.0729742349135,-138.91162202052232
103,39.975235,116.329496,0,-36,39704.4691087963,2008-09-13,11:15:31,2008-09-13 11:15:31,walk,-672.2433493582263,-138.8004558173444
104,39.975238,116.329493,0,-36,39704.4691319444,2008-09-13,11:15:33,2008-09-13 11:15:33,walk,-672.4989120431953,-138.46695720718049
105,39.975298,116.329466,0,-38,39704.4691550926,2008-09-13,11:15:35,2008-09-13 11:15:35,walk,-674.7989761992375,-131.79698502599075
106,39.975368,116.329424,0,-39,39704.469178240695,2008-09-13,11:15:37,2008-09-13 11:15:37,walk,-678.3768537735863,-124.01535087276828
107,39.975407,116.329417,0,-40,39704.4692013889,2008-09-13,11:15:39,2008-09-13 11:15:39,walk,-678.9731667030021,-119.67986901536563
108,39.975469,116.329454,0,-40,39704.469224537,2008-09-13,11:15:41,2008-09-13 11:15:41,walk,-675.8212269347695,-112.787564563691
109,39.97554,116.329463,0,-39,39704.4692476852,2008-09-13,11:15:43,2008-09-13 11:15:43,walk,-675.0545388820369,-104.89476436382081
110,39.975558,116.329458,0,-38,39704.4692708333,2008-09-13,11:15:45,2008-09-13 11:15:45,walk,-675.4804766881475,-102.89377277489106
111,39.975605,116.329475,0,-38,39704.4692939815,2008-09-13,11:15:47,2008-09-13 11:15:47,walk,-674.0322881465025,-97.66896142171329
112,39.975653,116.329519,0,-38,39704.4693171296,2008-09-13,11:15:49,2008-09-13 11:15:49,walk,-670.2840354487946,-92.33298389900843
113,39.975667,116.329521,0,-38,39704.4693402778,2008-09-13,11:15:51,2008-09-13 11:15:51,walk,-670.113660325481,-90.77665712658184
114,39.975676,116.329534,0,-38,39704.4693634259,2008-09-13,11:15:53,2008-09-13 11:15:53,walk,-669.0062220282747,-89.77616134623955
115,39.975691,116.32952,0,-39,39704.4693865741,2008-09-13,11:15:55,2008-09-13 11:15:55,walk,-670.1988478871377,-88.10866838130805
116,39.975759,116.329494,0,-39,39704.4694097222,2008-09-13,11:15:57,2008-09-13 11:15:57,walk,-672.4137244815391,-80.5493669740769
117,39.975894,116.329504,0,-40,39704.4694328704,2008-09-13,11:15:59,2008-09-13 11:15:59,walk,-671.5618488671423,-65.54193053274011
118,39.97596,116.329489,0,-39,39704.4694560185,2008-09-13,11:16:01,2008-09-13 11:16:01,walk,-672.8396622876528,-58.20496169078337
119,39.97600900000001,116.32948,0,-39,39704.4694791667,2008-09-13,11:16:03,2008-09-13 11:16:03,walk,-673.6063503403902,-52.75781819096948
120,39.976067,116.329477,0,-36,39704.4695023148,2008-09-13,11:16:05,2008-09-13 11:16:05,walk,-673.8619130231908,-46.31017898947478
121,39.976095,116.329492,0,-35,39704.469525463,2008-09-13,11:16:07,2008-09-13 11:16:07,walk,-672.5840996048516,-43.197525597035614
122,39.976129,116.329524,0,-35,39704.4695486111,2008-09-13,11:16:09,2008-09-13 11:16:09,walk,-669.8580976405102,-39.417875061969
123,39.976142,116.329544,0,-35,39704.4695717593,2008-09-13,11:16:11,2008-09-13 11:16:11,walk,-668.1543464160372,-37.972714566452474
124,39.976165,116.32956,0,-34,39704.4695949074,2008-09-13,11:16:13,2008-09-13 11:16:13,walk,-666.7913454338516,-35.41589215846048
125,39.976173,116.329579,0,-35,39704.4696180556,2008-09-13,11:16:15,2008-09-13 11:16:15,walk,-665.1727817688541,-34.52656262668055
126,39.976166,116.329607,0,-34,39704.4696412037,2008-09-13,11:16:17,2008-09-13 11:16:17,walk,-662.7875300532567,-35.304725967208334
127,39.976141,116.329646,0,-35,39704.469664351804,2008-09-13,11:16:19,2008-09-13 11:16:19,walk,-659.4652151615572,-38.0838807587192
128,39.976214,116.329636,0,-32,39704.4696875,2008-09-13,11:16:21,2008-09-13 11:16:21,walk,-660.3170907738162,-29.968748789440845
129,39.976208,116.32966100000002,0,-33,39704.4697106481,2008-09-13,11:16:23,2008-09-13 11:16:23,walk,-658.18740173883,-30.63574593487098
130,39.976204,116.32968,0,-35,39704.4697337963,2008-09-13,11:16:25,2008-09-13 11:16:25,walk,-656.56883807596,-31.080410698511546
131,39.976193,116.32971,0,-37,39704.469756944396,2008-09-13,11:16:27,2008-09-13 11:16:27,walk,-654.0132112348148,-32.30323880046384
132,39.976193,116.329717,0,-38,39704.4697800926,2008-09-13,11:16:29,2008-09-13 11:16:29,walk,-653.4168983053562,-32.30323880046384
133,39.976194,116.329738,0,-40,39704.469803240696,2008-09-13,11:16:31,2008-09-13 11:16:31,walk,-651.6279595191414,-32.19207260957036
134,39.976193,116.329772,0,-42,39704.4698263889,2008-09-13,11:16:33,2008-09-13 11:16:33,walk,-648.7315824334798,-32.30323880046384
135,39.976186,116.32981,0,-44,39704.469849537,2008-09-13,11:16:35,2008-09-13 11:16:35,walk,-645.494455103311,-33.081402139198275
136,39.976186,116.329839,0,-46,39704.4698726852,2008-09-13,11:16:37,2008-09-13 11:16:37,walk,-643.0240158237497,-33.081402139198275
137,39.976178,116.329854,0,-46,39704.4698958333,2008-09-13,11:16:39,2008-09-13 11:16:39,walk,-641.7462024052983,-33.970731670353146
138,39.976145,116.329875,0,-46,39704.4699189815,2008-09-13,11:16:41,2008-09-13 11:16:41,walk,-639.9572636168576,-37.63921599114345
139,39.976099,116.32993,0,-46,39704.4699421296,2008-09-13,11:16:43,2008-09-13 11:16:43,walk,-635.271947742638,-42.75286082710289
140,39.976086,116.329945,0,-47,39704.4699652778,2008-09-13,11:16:45,2008-09-13 11:16:45,walk,-633.9941343241592,-44.19802132907288
141,39.976082,116.329981,0,-47,39704.469988425895,2008-09-13,11:16:47,2008-09-13 11:16:47,walk,-630.9273821150231,-44.64268609967169
142,39.976097,116.329982,0,-47,39704.4700115741,2008-09-13,11:16:49,2008-09-13 11:16:49,walk,-630.8421945555244,-42.97519321133649
143,39.976157,116.329976,0,-47,39704.4700347222,2008-09-13,11:16:51,2008-09-13 11:16:51,walk,-631.3533199233543,-36.30522169106024
144,39.976169,116.330011,0,-47,39704.4700578704,2008-09-13,11:16:53,2008-09-13 11:16:53,walk,-628.3717552758632,-34.97122739282161
145,39.976295,116.329975,0,-45,39704.4700810185,2008-09-13,11:16:55,2008-09-13 11:16:55,walk,-631.4385074828529,-20.964287368440303
146,39.97631,116.32997,0,-45,39704.4701041667,2008-09-13,11:16:57,2008-09-13 11:16:57,walk,-631.8644452911836,-19.296794522446227
147,39.976405,116.329959,0,-43,39704.4701273148,2008-09-13,11:16:59,2008-09-13 11:16:59,walk,-632.8015084651743,-8.736006560976197
148,39.976414,116.329961,0,-42,39704.470150463,2008-09-13,11:17:01,2008-09-13 11:17:01,walk,-632.63113334401,-7.735510865715467
149,39.97642000000001,116.329991,0,-42,39704.4701736111,2008-09-13,11:17:03,2008-09-13 11:17:03,walk,-630.0755065026945,-7.068513734703802
150,39.976424,116.33002,0,-41,39704.4701967593,2008-09-13,11:17:05,2008-09-13 11:17:05,walk,-627.605067223028,-6.623848982837927
151,39.976393,116.330079,0,-40,39704.4702199074,2008-09-13,11:17:07,2008-09-13 11:17:07,walk,-622.5790011063124,-10.070000823644998
152,39.976391,116.330105,0,-40,39704.4702430556,2008-09-13,11:17:09,2008-09-13 11:17:09,walk,-620.364124511602,-10.292333201053657
153,39.976378,116.330133,0,-39,39704.4702662037,2008-09-13,11:17:11,2008-09-13 11:17:11,walk,-617.97887279354,-11.737493654398174
154,39.976374,116.330156,0,-39,39704.470289351804,2008-09-13,11:17:13,2008-09-13 11:17:13,walk,-616.0195588838117,-12.182158409328167
155,39.97634,116.330198,0,-39,39704.4703125,2008-09-13,11:17:15,2008-09-13 11:17:15,walk,-612.4416813066715,-15.961808837690322
156,39.976233,116.330269,0,-41,39704.4703356481,2008-09-13,11:17:17,2008-09-13 11:17:17,walk,-606.3933644518581,-27.85659116410915
157,39.976113,116.330366,0,-43,39704.4703587963,2008-09-13,11:17:19,2008-09-13 11:17:19,walk,-598.1301710021082,-41.19653413536669
158,39.976069,116.330441,0,-44,39704.4703819444,2008-09-13,11:17:21,2008-09-13 11:17:21,walk,-591.7411039025363,-46.08784660376546
159,39.976012,116.330499,0,-45,39704.4704050926,2008-09-13,11:17:23,2008-09-13 11:17:23,walk,-586.8002253448553,-52.42431961196369
160,39.975926,116.33057,0,-48,39704.4704282407,2008-09-13,11:17:25,2008-09-13 11:17:25,walk,-580.7519084896411,-61.98461229874698
161,39.975858,116.330609,0,-53,39704.4704513889,2008-09-13,11:17:27,2008-09-13 11:17:27,walk,-577.4295935972096,-69.54391356051225
162,39.975847,116.33061,0,-57,39704.470474537,2008-09-13,11:17:29,2008-09-13 11:17:29,walk,-577.344406037699,-70.76674171121799
163,39.975835,116.330617,0,-57,39704.4704976852,2008-09-13,11:17:31,2008-09-13 11:17:31,walk,-576.7480931059508,-72.10073606036732
164,39.975823,116.330619,0,-59,39704.4705208333,2008-09-13,11:17:33,2008-09-13 11:17:33,walk,-576.5777179847615,-73.43473040994694
165,39.975824,116.33063,0,-61,39704.4705439815,2008-09-13,11:17:35,2008-09-13 11:17:35,walk,-575.6406548084656,-73.32356421360674
166,39.975826,116.330642,0,-61,39704.470567129596,2008-09-13,11:17:37,2008-09-13 11:17:37,walk,-574.6184040726562,-73.1012318223791
167,39.975856,116.330643,0,-61,39704.4705902778,2008-09-13,11:17:39,2008-09-13 11:17:39,walk,-574.5332165131449,-69.76624595162723
168,39.975851,116.330647,0,-63,39704.470613425896,2008-09-13,11:17:41,2008-09-13 11:17:41,walk,-574.1924662664294,-70.32207692928527
169,39.975832,116.330677,0,-64,39704.4706365741,2008-09-13,11:17:43,2008-09-13 11:17:43,walk,-571.6368394268918,-72.43423464758928
170,39.975844,116.330697,0,-64,39704.4706597222,2008-09-13,11:17:45,2008-09-13 11:17:45,walk,-569.9330881998018,-71.10024029797883
171,39.975852,116.330711,0,-64,39704.4706828704,2008-09-13,11:17:47,2008-09-13 11:17:47,walk,-568.7404623406179,-70.21091073330376
172,39.975856,116.330728,0,-64,39704.4707060185,2008-09-13,11:17:49,2008-09-13 11:17:49,walk,-567.292273798557,-69.76624595162723
173,39.975869,116.33073600000002,0,-64,39704.4707291667,2008-09-13,11:17:51,2008-09-13 11:17:51,walk,-566.6107733051135,-68.32108541135646
174,39.975908,116.33073799999998,0,-62,39704.4707523148,2008-09-13,11:17:53,2008-09-13 11:17:53,walk,-566.4403981860875,-63.98560380424027
175,39.975914,116.330751,0,-62,39704.470775463,2008-09-13,11:17:55,2008-09-13 11:17:55,walk,-565.3329598864065,-63.31860663504564
176,39.975938,116.330761,0,-60,39704.470798611095,2008-09-13,11:17:57,2008-09-13 11:17:57,walk,-564.481084273933,-60.65061796500005
177,39.97592,116.33078700000002,0,-60,39704.4708217593,2008-09-13,11:17:59,2008-09-13 11:17:59,walk,-562.266207676725,-62.651609467019306
178,39.97592,116.330803,0,-58,39704.4708449074,2008-09-13,11:18:01,2008-09-13 11:18:01,walk,-560.9032066963229,-62.651609467019306
179,39.975924,116.330834,0,-57,39704.4708680556,2008-09-13,11:18:03,2008-09-13 11:18:03,walk,-558.2623922950196,-62.20694468811985
180,39.97593,116.330857,0,-55,39704.4708912037,2008-09-13,11:18:05,2008-09-13 11:18:05,walk,-556.3030783849937,-61.53994752086209
181,39.975943,116.330879,0,-54,39704.470914351805,2008-09-13,11:18:07,2008-09-13 11:18:07,walk,-554.4289520344742,-60.09478699291419
182,39.975926,116.330899,0,-55,39704.4709375,2008-09-13,11:18:09,2008-09-13 11:18:09,walk,-552.7252008073128,-61.98461229874698
183,39.975926,116.3309,0,-55,39704.4709606481,2008-09-13,11:18:11,2008-09-13 11:18:11,walk,-552.6400132456293,-61.98461229874698
184,39.975925,116.330901,0,-56,39704.4709837963,2008-09-13,11:18:13,2008-09-13 11:18:13,walk,-552.5548256861135,-62.09577849378059
185,39.975926,116.330904,0,-56,39704.4710069444,2008-09-13,11:18:15,2008-09-13 11:18:15,walk,-552.2992630010632,-61.98461229874698
186,39.975926,116.330905,0,-56,39704.471030092594,2008-09-13,11:18:17,2008-09-13 11:18:17,walk,-552.2140754393797,-61.98461229874698
187,39.97593,116.3309,0,-56,39704.4710532407,2008-09-13,11:18:19,2008-09-13 11:18:19,walk,-552.6400132456293,-61.53994752086209
188,39.97593,116.3309,0,-56,39704.4710763889,2008-09-13,11:18:21,2008-09-13 11:18:21,walk,-552.6400132456293,-61.53994752086209
189,39.97593,116.3309,0,-56,39704.471099537004,2008-09-13,11:18:23,2008-09-13 11:18:23,walk,-552.6400132456293,-61.53994752086209
190,39.976015,116.330912,0,-55,39704.4711226852,2008-09-13,11:18:25,2008-09-13 11:18:25,walk,-551.6177625097624,-52.09082103165892
191,39.976016,116.330913,0,-55,39704.4711458333,2008-09-13,11:18:27,2008-09-13 11:18:27,walk,-551.5325749502464,-51.97965483777818
192,39.976016,116.330913,0,-55,39704.4711689815,2008-09-13,11:18:29,2008-09-13 11:18:29,walk,-551.5325749502464,-51.97965483777818
193,39.976018,116.330914,0,-55,39704.4711921296,2008-09-13,11:18:31,2008-09-13 11:18:31,walk,-551.4473873863952,-51.75732245076228
194,39.97602,116.330914,0,-55,39704.4712152778,2008-09-13,11:18:33,2008-09-13 11:18:33,walk,-551.4473873863952,-51.53499006450476
195,39.976021,116.330911,0,-55,39704.4712384259,2008-09-13,11:18:35,2008-09-13 11:18:35,walk,-551.702950071446,-51.42382387068807
196,39.976021,116.33091,0,-55,39704.4712615741,2008-09-13,11:18:37,2008-09-13 11:18:37,walk,-551.7881376331296,-51.42382387068807
197,39.976022,116.330909,0,-55,39704.4712847222,2008-09-13,11:18:39,2008-09-13 11:18:39,walk,-551.8733251948132,-51.31265767759133
198,39.976024,116.330905,0,-55,39704.4713078704,2008-09-13,11:18:41,2008-09-13 11:18:41,walk,-552.2140754393797,-51.090325290729155
199,39.976025,116.3309,0,-55,39704.4713310185,2008-09-13,11:18:43,2008-09-13 11:18:43,walk,-552.6400132456293,-50.979159097670845
200,39.976026,116.330894,0,-55,39704.4713541667,2008-09-13,11:18:45,2008-09-13 11:18:45,walk,-553.1511386135619,-50.86799290462534
201,39.976027,116.33089,0,-55,39704.4713773148,2008-09-13,11:18:47,2008-09-13 11:18:47,walk,-553.4918888602948,-50.75682671088551
202,39.976028,116.330888,0,-55,39704.471400463,2008-09-13,11:18:49,2008-09-13 11:18:49,walk,-553.6622639814937,-50.64566051786563
203,39.976032,116.330883,0,-55,39704.471423611096,2008-09-13,11:18:51,2008-09-13 11:18:51,walk,-554.0882017899092,-50.20099574520708
204,39.97611,116.330849,0,-55,39704.4714467593,2008-09-13,11:18:53,2008-09-13 11:18:53,walk,-556.9845788741192,-41.530032711905434
205,39.976227,116.33078799999998,0,-54,39704.4714699074,2008-09-13,11:18:55,2008-09-13 11:18:55,walk,-562.1810201193787,-28.52358830807899
206,39.97626500000001,116.330795,0,-54,39704.4714930556,2008-09-13,11:18:57,2008-09-13 11:18:57,walk,-561.5847071876082,-24.299273068367846
207,39.976293,116.330799,0,-54,39704.4715162037,2008-09-13,11:18:59,2008-09-13 11:18:59,walk,-561.2439569430495,-21.18661974835966
208,39.976325,116.330817,0,-54,39704.4715393518,2008-09-13,11:19:01,2008-09-13 11:19:01,walk,-559.71058083928,-17.62930167792005
209,39.976332,116.330816,0,-54,39704.4715625,2008-09-13,11:19:03,2008-09-13 11:19:03,walk,-559.7957683987944,-16.851138352356553
210,39.976361,116.330804,0,-53,39704.4715856481,2008-09-13,11:19:05,2008-09-13 11:19:05,walk,-560.8180191346412,-13.627318865503623
211,39.976416,116.330806,0,-53,39704.4716087963,2008-09-13,11:19:07,2008-09-13 11:19:07,walk,-560.6476440134452,-7.513178488896053
212,39.976483,116.330799,0,-53,39704.4716319444,2008-09-13,11:19:09,2008-09-13 11:19:09,walk,-561.2439569430495,-0.06504390106597215
213,39.976702,116.330719,0,-52,39704.471655092595,2008-09-13,11:19:11,2008-09-13 11:19:11,walk,-568.0589618493443,24.28035084468295
214,39.976749,116.330746,0,-51,39704.4716782407,2008-09-13,11:19:13,2008-09-13 11:19:13,walk,-565.7588976926426,29.505161508404402
215,39.976805,116.330743,0,-48,39704.4717013889,2008-09-13,11:19:15,2008-09-13 11:19:15,walk,-566.0144603776846,35.730467794719694
216,39.976818,116.33078,0,-47,39704.471724537005,2008-09-13,11:19:17,2008-09-13 11:19:17,walk,-562.8625206084945,37.17562817695755
217,39.976836,116.330808,0,-47,39704.4717476852,2008-09-13,11:19:19,2008-09-13 11:19:19,walk,-560.4772688900817,39.176619471921214
218,39.976878,116.33083899999998,0,-47,39704.4717708333,2008-09-13,11:19:21,2008-09-13 11:19:21,walk,-557.8364544909432,43.84559914379377
219,39.976894,116.330869,0,-46,39704.4717939815,2008-09-13,11:19:23,2008-09-13 11:19:23,walk,-555.2808276469684,45.62425806040083
220,39.976956,116.330886,0,-46,39704.4718171296,2008-09-13,11:19:25,2008-09-13 11:19:25,walk,-553.83263910486,52.51656133110243
221,39.97698,116.330913,0,-46,39704.471840277794,2008-09-13,11:19:27,2008-09-13 11:19:27,walk,-551.5325749502464,55.184549680803414
222,39.976997,116.330928,0,-46,39704.4718634259,2008-09-13,11:19:29,2008-09-13 11:19:29,walk,-550.2547615293253,57.07437475711226
223,39.977009,116.330944,0,-45,39704.4718865741,2008-09-13,11:19:31,2008-09-13 11:19:31,walk,-548.8917605467162,58.40836892764337
224,39.977028,116.330955,0,-45,39704.471909722204,2008-09-13,11:19:33,2008-09-13 11:19:33,walk,-547.9546973725246,60.52052635807018
225,39.977061,116.330959,0,-45,39704.4719328704,2008-09-13,11:19:35,2008-09-13 11:19:35,walk,-547.6139471279546,64.18901030701281
226,39.977087,116.330971,0,-44,39704.4719560185,2008-09-13,11:19:37,2008-09-13 11:19:37,walk,-546.5916963899081,67.07933098335485
227,39.977105,116.330993,0,-44,39704.4719791667,2008-09-13,11:19:39,2008-09-13 11:19:39,walk,-544.7175700415125,69.08032221700084
228,39.977147,116.331028,0,-37,39704.4720023148,2008-09-13,11:19:41,2008-09-13 11:19:41,walk,-541.7360053933651,73.74930174414882
229,39.977178,116.331053,0,-31,39704.472025463,2008-09-13,11:19:43,2008-09-13 11:19:43,walk,-539.6063163598901,77.19545328554135
230,39.977151,116.331083,0,-31,39704.4720486111,2008-09-13,11:19:45,2008-09-13 11:19:45,walk,-537.0506895201397,74.19396645947116
231,39.977147,116.33111,0,-30,39704.4720717593,2008-09-13,11:19:47,2008-09-13 11:19:47,walk,-534.7506253632675,73.74930174414882
232,39.97716,116.331118,0,-27,39704.4720949074,2008-09-13,11:19:49,2008-09-13 11:19:49,walk,-534.0691248719388,75.19446206872738
233,39.977267,116.330981,0,-12,39704.473043981496,2008-09-13,11:21:11,2008-09-13 11:21:11,walk,-545.7398207773961,87.08924312456266
234,39.977531,116.33071,0,248,39704.4735532407,2008-09-13,11:21:55,2008-09-13 11:21:55,walk,-568.825649902298,116.43711351514031
235,39.977529,116.330725,0,248,39704.4735763889,2008-09-13,11:21:57,2008-09-13 11:21:57,walk,-567.5478364814304,116.21478116688665
236,39.97747,116.330772,0,248,39704.473599537,2008-09-13,11:21:59,2008-09-13 11:21:59,walk,-563.5440210997766,109.6559768749485
237,39.977399,116.330823,0,248,39704.473622685204,2008-09-13,11:22:01,2008-09-13 11:22:01,walk,-559.1994554713557,101.76317843180405
238,39.977338,116.330869,0,248,39704.4736458333,2008-09-13,11:22:03,2008-09-13 11:22:03,walk,-555.2808276469684,94.9820416891748
239,39.977388,116.330922,0,256,39704.4742013889,2008-09-13,11:22:51,2008-09-13 11:22:51,walk,-550.7658868972608,100.54035049752851
240,39.977438,116.330929,0,256,39704.474224537,2008-09-13,11:22:53,2008-09-13 11:22:53,walk,-550.1695739676414,106.09865927456484
241,39.977484,116.330957,0,255,39704.4742476852,2008-09-13,11:22:55,2008-09-13 11:22:55,walk,-547.7843222491559,111.2123033208148
242,39.97750300000001,116.330975,0,255,39704.4742708333,2008-09-13,11:22:57,2008-09-13 11:22:57,walk,-546.2509461453369,113.32446063846184
243,39.977498,116.33098,0,255,39704.4742939815,2008-09-13,11:22:59,2008-09-13 11:22:59,walk,-545.8250083390809,112.7686297648775
244,39.97749,116.330982,0,255,39704.4743171296,2008-09-13,11:23:01,2008-09-13 11:23:01,walk,-545.6546332157113,111.87930036958787
245,39.977492,116.330977,0,255,39704.4743402778,2008-09-13,11:23:03,2008-09-13 11:23:03,walk,-546.0805710219677,112.10163271813356
246,39.977485,116.330971,0,255,39704.4743634259,2008-09-13,11:23:05,2008-09-13 11:23:05,walk,-546.5916963899081,111.32346949658519
247,39.977471,116.330966,0,255,39704.4743865741,2008-09-13,11:23:07,2008-09-13 11:23:07,walk,-547.0176341983308,109.7671430501911
248,39.977461,116.330969,0,255,39704.4744097222,2008-09-13,11:23:09,2008-09-13 11:23:09,walk,-546.7620715132772,108.65548130143156
249,39.97739,116.331,0,257,39704.474432870404,2008-09-13,11:23:11,2008-09-13 11:23:11,walk,-544.1212571118846,100.76268284939455
250,39.977374,116.331016,0,258,39704.4744560185,2008-09-13,11:23:13,2008-09-13 11:23:13,walk,-542.7582561292559,98.98402403444584
251,39.977385,116.331021,0,258,39704.474479166696,2008-09-13,11:23:15,2008-09-13 11:23:15,walk,-542.3323183229961,100.20685196998694
252,39.97760200000001,116.33078799999998,0,243,39704.4754050926,2008-09-13,11:24:35,2008-09-13 11:24:35,walk,-562.1810201193787,124.3299118396454
253,39.977561,116.330812,0,242,39704.4754282407,2008-09-13,11:24:37,2008-09-13 11:24:37,walk,-560.1365186455218,119.77209872996812
254,39.977529,116.330838,0,242,39704.4754513889,2008-09-13,11:24:39,2008-09-13 11:24:39,walk,-557.9216420504581,116.21478116688665
255,39.97753400000001,116.330858,0,242,39704.475474537,2008-09-13,11:24:41,2008-09-13 11:24:41,walk,-556.217890823311,116.77061203848545
256,39.97753400000001,116.33086000000002,0,242,39704.4754976852,2008-09-13,11:24:43,2008-09-13 11:24:43,walk,-556.0475156999457,116.77061203848545
257,39.97753400000001,116.33086000000002,0,242,39704.4755208333,2008-09-13,11:24:45,2008-09-13 11:24:45,walk,-556.0475156999457,116.77061203848545
258,39.97753400000001,116.330859,0,242,39704.4755439815,2008-09-13,11:24:47,2008-09-13 11:24:47,walk,-556.1327032616284,116.77061203848545
259,39.977118,116.330844,0,259,39704.4758217593,2008-09-13,11:25:11,2008-09-13 11:25:11,walk,-557.4105166825315,70.52548254857354
260,39.97711500000001,116.330824,0,258,39704.4758449074,2008-09-13,11:25:13,2008-09-13 11:25:13,walk,-559.114267907506,70.19198401207034
261,39.977158,116.330823,0,258,39704.475868055604,2008-09-13,11:25:15,2008-09-13 11:25:15,walk,-559.1994554713557,74.97212971167599
262,39.977195,116.330846,0,257,39704.4758912037,2008-09-13,11:25:17,2008-09-13 11:25:17,walk,-557.2401415591665,79.08527831873252
263,39.977219,116.330876,0,257,39704.4759143519,2008-09-13,11:25:19,2008-09-13 11:25:19,walk,-554.684514719523,81.75326659424957
264,39.977247,116.330911,0,256,39704.4759375,2008-09-13,11:25:21,2008-09-13 11:25:21,walk,-551.702950071446,84.86591957420585
265,39.977266,116.330936,0,256,39704.4759606481,2008-09-13,11:25:23,2008-09-13 11:25:23,walk,-549.5732610380213,86.97807694812116
266,39.977325,116.330959,0,252,39704.4759837963,2008-09-13,11:25:25,2008-09-13 11:25:25,walk,-547.6139471279546,93.53688139353093
267,39.977384,116.330985,0,248,39704.4760069444,2008-09-13,11:25:27,2008-09-13 11:25:27,walk,-545.3990705328245,100.09568579434985
268,39.977418,116.331004,0,244,39704.4760300926,2008-09-13,11:25:29,2008-09-13 11:25:29,walk,-543.7805068673117,103.87533576801754
269,39.977437,116.331016,0,243,39704.4760532407,2008-09-13,11:25:31,2008-09-13 11:25:31,walk,-542.7582561292559,105.98749309960667
270,39.977451,116.331027,0,241,39704.4760763889,2008-09-13,11:25:33,2008-09-13 11:25:33,walk,-541.8211929550506,107.54381955209824
271,39.977462,116.33103,0,239,39704.476099537,2008-09-13,11:25:35,2008-09-13 11:25:35,walk,-541.5656302721613,108.76664747678947
272,39.977469,116.331038,0,237,39704.4761226852,2008-09-13,11:25:37,2008-09-13 11:25:37,walk,-540.8841297808433,109.54481070040023
273,39.97748,116.331048,0,234,39704.4761458333,2008-09-13,11:25:39,2008-09-13 11:25:39,walk,-540.0322541683199,110.76763862255511
274,39.977524,116.331043,0,244,39704.4761689815,2008-09-13,11:25:41,2008-09-13 11:25:41,walk,-540.4581919745818,115.65895029708902
275,39.977567,116.331035,0,248,39704.4761921296,2008-09-13,11:25:43,2008-09-13 11:25:43,walk,-541.139692463733,120.43909577140877
276,39.977581,116.331039,0,248,39704.4762152778,2008-09-13,11:25:45,2008-09-13 11:25:45,walk,-540.7989422191574,121.99542220058646
277,39.977586,116.331049,0,249,39704.4762384259,2008-09-13,11:25:47,2008-09-13 11:25:47,walk,-539.947066606634,122.55125306744047
278,39.97750300000001,116.331174,0,249,39704.478275463,2008-09-13,11:28:43,2008-09-13 11:28:43,walk,-529.2986214369421,113.32446063846184
279,39.97748,116.331201,0,249,39704.4782986111,2008-09-13,11:28:45,2008-09-13 11:28:45,walk,-526.998557280029,110.76763862255511
280,39.977451,116.331219,0,249,39704.4783217593,2008-09-13,11:28:47,2008-09-13 11:28:47,walk,-525.4651811761358,107.54381955209824
281,39.977449,116.331219,0,249,39704.4783449074,2008-09-13,11:28:49,2008-09-13 11:28:49,walk,-525.4651811761358,107.321487201795
282,39.977441,116.331221,0,249,39704.4783680556,2008-09-13,11:28:51,2008-09-13 11:28:51,walk,-525.2948060527582,106.43215780077679
283,39.977423,116.331228,0,249,39704.4783912037,2008-09-13,11:28:53,2008-09-13 11:28:53,walk,-524.6984931252712,104.43116664531152
284,39.977384,116.331225,0,249,39704.478414351805,2008-09-13,11:28:55,2008-09-13 11:28:55,walk,-524.9540558081704,100.09568579434985
285,39.977319,116.331226,0,249,39704.4784375,2008-09-13,11:28:57,2008-09-13 11:28:57,walk,-524.8688682464816,92.86988433349043
286,39.977246,116.331242,0,249,39704.4784606481,2008-09-13,11:28:59,2008-09-13 11:28:59,walk,-523.5058672637919,84.75475339680101
287,39.977237,116.331245,0,249,39704.4784837963,2008-09-13,11:29:01,2008-09-13 11:29:01,walk,-523.2503045808919,83.75425779745954
288,39.977242,116.331252,0,249,39704.4785069444,2008-09-13,11:29:03,2008-09-13 11:29:03,walk,-522.6539916512344,84.31008868563924
289,39.977252,116.331257,0,249,39704.478530092594,2008-09-13,11:29:05,2008-09-13 11:29:05,walk,-522.2280538449551,85.42175046245221
290,39.977246,116.331273,0,249,39704.4785532407,2008-09-13,11:29:07,2008-09-13 11:29:07,walk,-520.8650528644249,84.75475339680101
291,39.977251,116.331294,0,249,39704.4785763889,2008-09-13,11:29:09,2008-09-13 11:29:09,walk,-519.0761140754405,85.3105842851114
292,39.977263,116.331315,0,249,39704.478599537004,2008-09-13,11:29:11,2008-09-13 11:29:11,walk,-517.287175286449,86.64457841518406
293,39.977282,116.331325,0,249,39704.4786226852,2008-09-13,11:29:13,2008-09-13 11:29:13,walk,-516.4352996717121,88.75673578520518
294,39.977296,116.331316,0,249,39704.4786458333,2008-09-13,11:29:15,2008-09-13 11:29:15,walk,-517.2019877247587,90.31306226478688
295,39.977318,116.331302,0,249,39704.4786689815,2008-09-13,11:29:17,2008-09-13 11:29:17,walk,-518.3946135840873,92.75871815630076
296,39.977484,116.331093,0,113,39704.4865162037,2008-09-13,11:40:35,2008-09-13 11:40:35,walk,-536.1988139076087,111.2123033208148
297,39.97746400000001,116.331022,0,101,39704.486539351805,2008-09-13,11:40:37,2008-09-13 11:40:37,walk,-542.2471307613107,108.98897982746679
298,39.977479,116.331107,0,59,39704.4865625,2008-09-13,11:40:39,2008-09-13 11:40:39,walk,-535.0061880461609,110.65647244813493
299,39.977451,116.33103,0,54,39704.4865856481,2008-09-13,11:40:41,2008-09-13 11:40:41,walk,-541.5656302721613,107.54381955209824
300,39.977439,116.330882,0,70,39704.4866087963,2008-09-13,11:40:43,2008-09-13 11:40:43,walk,-554.173389349425,106.2098254495102
301,39.97743300000001,116.330826,0,91,39704.4866319444,2008-09-13,11:40:45,2008-09-13 11:40:45,walk,-558.9438927863093,105.54282840035302
302,39.97743,116.330794,0,100,39704.486655092594,2008-09-13,11:40:47,2008-09-13 11:40:47,walk,-561.6698947492898,105.20932987241935
303,39.977407,116.330777,0,105,39704.4866782407,2008-09-13,11:40:49,2008-09-13 11:40:49,walk,-563.1180832913707,102.65250783712635
304,39.977411,116.330784,0,109,39704.4867013889,2008-09-13,11:40:51,2008-09-13 11:40:51,walk,-562.5217703639366,103.0971725391265
305,39.977378,116.330822,0,115,39704.486724537004,2008-09-13,11:40:53,2008-09-13 11:40:53,walk,-559.2846430308703,99.42868873884402
306,39.977362,116.330849,0,116,39704.4867476852,2008-09-13,11:40:55,2008-09-13 11:40:55,walk,-556.9845788741192,97.6500299214358
307,39.977327,116.330856,0,114,39704.4867708333,2008-09-13,11:40:57,2008-09-13 11:40:57,walk,-556.3882659466764,93.759213747011
308,39.97728,116.330863,0,111,39704.4867939815,2008-09-13,11:40:59,2008-09-13 11:40:59,walk,-555.7919530170651,88.53440343057224
309,39.977254,116.330859,0,110,39704.4868171296,2008-09-13,11:41:01,2008-09-13 11:41:01,walk,-556.1327032616284,85.6440828178025
310,39.977227,116.330856,0,114,39704.4868402778,2008-09-13,11:41:03,2008-09-13 11:41:03,walk,-556.3882659466764,82.64259601872511
311,39.9772,116.33086000000002,0,115,39704.4868634259,2008-09-13,11:41:05,2008-09-13 11:41:05,walk,-556.0475156999457,79.64110921030941
312,39.977175,116.33086000000002,0,121,39704.4868865741,2008-09-13,11:41:07,2008-09-13 11:41:07,walk,-556.0475156999457,76.86195474922248
313,39.977166,116.330845,0,150,39704.4869097222,2008-09-13,11:41:09,2008-09-13 11:41:09,walk,-557.3253291208491,75.86145914098842
314,39.977152,116.330846,0,153,39704.4869328704,2008-09-13,11:41:11,2008-09-13 11:41:11,walk,-557.2401415591665,74.30513263809293
315,39.977141,116.330848,0,154,39704.4869560185,2008-09-13,11:41:13,2008-09-13 11:41:13,walk,-557.0697664358017,73.08230467042748
316,39.977129,116.330845,0,155,39704.4869791667,2008-09-13,11:41:15,2008-09-13 11:41:15,walk,-557.3253291208491,71.748310520187
317,39.97712,116.33085,0,162,39704.4870023148,2008-09-13,11:41:17,2008-09-13 11:41:17,walk,-556.8993913146041,70.74781490735687
318,39.97712,116.33085,0,163,39704.487025463,2008-09-13,11:41:19,2008-09-13 11:41:19,walk,-556.8993913146041,70.74781490735687
319,39.977119,116.33085,0,163,39704.487048611096,2008-09-13,11:41:21,2008-09-13 11:41:21,walk,-556.8993913146041,70.63664872832517
320,39.977096,116.330862,0,168,39704.4870717593,2008-09-13,11:41:23,2008-09-13 11:41:23,walk,-555.8771405787478,68.07982660140378
321,39.977058,116.33089,0,170,39704.4870949074,2008-09-13,11:41:25,2008-09-13 11:41:25,walk,-553.4918888602948,63.855511766904854
322,39.97703,116.330903,0,171,39704.4871180556,2008-09-13,11:41:27,2008-09-13 11:41:27,walk,-552.3844505627467,60.74285871915926
323,39.97703,116.330905,0,171,39704.4871412037,2008-09-13,11:41:29,2008-09-13 11:41:29,walk,-552.2140754393797,60.74285871915926
324,39.977028,116.330906,0,171,39704.4871643518,2008-09-13,11:41:31,2008-09-13 11:41:31,walk,-552.1288878776962,60.52052635807018
325,39.977009,116.33093999999998,0,170,39704.4871875,2008-09-13,11:41:33,2008-09-13 11:41:33,walk,-549.2325107934527,58.40836892764337
326,39.977013,116.330976,0,172,39704.4872106481,2008-09-13,11:41:35,2008-09-13 11:41:35,walk,-546.1657585836523,58.85303365003669
327,39.977019,116.331054,0,167,39704.4872337963,2008-09-13,11:41:37,2008-09-13 11:41:37,walk,-539.5211288003716,59.52003073359595
328,39.97702,116.331058,0,167,39704.4872569444,2008-09-13,11:41:39,2008-09-13 11:41:39,walk,-539.1803785536273,59.631196914615764
329,39.97702,116.331061,0,167,39704.487280092595,2008-09-13,11:41:41,2008-09-13 11:41:41,walk,-538.9248158685689,59.631196914615764
330,39.97702,116.33106200000002,0,168,39704.4873032407,2008-09-13,11:41:43,2008-09-13 11:41:43,walk,-538.8396283068828,59.631196914615764
331,39.977018,116.331061,0,168,39704.4873263889,2008-09-13,11:41:45,2008-09-13 11:41:45,walk,-538.9248158685689,59.40886455327048
332,39.977049,116.33117,0,172,39704.487349537005,2008-09-13,11:41:47,2008-09-13 11:41:47,walk,-529.6393716815267,62.85501614588926
333,39.976836,116.330986,0,195,39704.4883217593,2008-09-13,11:43:11,2008-09-13 11:43:11,walk,-545.3138829711395,39.176619471921214
334,39.976782,116.330949,0,196,39704.488344907404,2008-09-13,11:43:13,2008-09-13 11:43:13,walk,-548.4658227404627,33.17364557457917
335,39.976782,116.330947,0,196,39704.4883680556,2008-09-13,11:43:15,2008-09-13 11:43:15,walk,-548.6361978638312,33.17364557457917
336,39.97678300000001,116.330945,0,197,39704.4883912037,2008-09-13,11:43:17,2008-09-13 11:43:17,walk,-548.8065729850321,33.28481176004916
337,39.976782,116.330943,0,197,39704.4884143519,2008-09-13,11:43:19,2008-09-13 11:43:19,walk,-548.9769481084003,33.17364557457917
338,39.97678300000001,116.330941,0,197,39704.4884375,2008-09-13,11:43:21,2008-09-13 11:43:21,walk,-549.1473232317686,33.28481176004916
339,39.976784,116.330938,0,197,39704.4884606482,2008-09-13,11:43:23,2008-09-13 11:43:23,walk,-549.4028859146532,33.39597794197065
340,39.976784,116.330935,0,197,39704.488483796296,2008-09-13,11:43:25,2008-09-13 11:43:25,walk,-549.6584485997054,33.39597794197065
341,39.97678300000001,116.330932,0,197,39704.4885069444,2008-09-13,11:43:27,2008-09-13 11:43:27,walk,-549.9140112825897,33.28481176004916
342,39.976782,116.330928,0,197,39704.488530092596,2008-09-13,11:43:29,2008-09-13 11:43:29,walk,-550.2547615293253,33.17364557457917
343,39.976781,116.330923,0,197,39704.4885532407,2008-09-13,11:43:31,2008-09-13 11:43:31,walk,-550.680699335577,33.06247939121779
344,39.97678,116.330918,0,197,39704.4885763889,2008-09-13,11:43:33,2008-09-13 11:43:33,walk,-551.1066371418282,32.95131320713646
345,39.976831,116.330855,0,198,39704.488599537,2008-09-13,11:43:35,2008-09-13 11:43:35,walk,-556.4734535061914,38.62078855632341
346,39.976889,116.330805,0,200,39704.4886226852,2008-09-13,11:43:37,2008-09-13 11:43:37,walk,-560.732831575127,45.06842714922501
347,39.976889,116.330807,0,201,39704.4886458333,2008-09-13,11:43:39,2008-09-13 11:43:39,walk,-560.5624564517634,45.06842714922501
348,39.976889,116.330806,0,201,39704.488668981496,2008-09-13,11:43:41,2008-09-13 11:43:41,walk,-560.6476440134452,45.06842714922501
349,39.976887,116.330801,0,201,39704.4886921296,2008-09-13,11:43:43,2008-09-13 11:43:43,walk,-561.0735818196862,44.846094784523565
350,39.976886,116.330796,0,201,39704.488715277796,2008-09-13,11:43:45,2008-09-13 11:43:45,walk,-561.4995196259266,44.73492860250721
351,39.976885,116.330794,0,201,39704.4887384259,2008-09-13,11:43:47,2008-09-13 11:43:47,walk,-561.6698947492898,44.62376242047805
352,39.976818,116.330806,0,203,39704.4887615741,2008-09-13,11:43:49,2008-09-13 11:43:49,walk,-560.6476440134452,37.17562817695755
353,39.976757,116.330805,0,205,39704.488784722205,2008-09-13,11:43:51,2008-09-13 11:43:51,walk,-560.732831575127,30.394490980337483
354,39.976668,116.330794,0,209,39704.4888078704,2008-09-13,11:43:53,2008-09-13 11:43:53,walk,-561.6698947492898,20.50070055846736
355,39.976634,116.330784,0,212,39704.4888310185,2008-09-13,11:43:55,2008-09-13 11:43:55,walk,-562.5217703639366,16.721050258150886
356,39.976619,116.330779,0,214,39704.4888541667,2008-09-13,11:43:57,2008-09-13 11:43:57,walk,-562.9477081680081,15.053557474411889
357,39.976604,116.330764,0,216,39704.4888773148,2008-09-13,11:43:59,2008-09-13 11:43:59,walk,-564.2255215888902,13.386064687083566
358,39.976578,116.330752,0,219,39704.488900462995,2008-09-13,11:44:01,2008-09-13 11:44:01,walk,-565.2477723247258,10.4957438498769
359,39.976536,116.330739,0,222,39704.4889236111,2008-09-13,11:44:03,2008-09-13 11:44:03,walk,-566.355210624407,5.826764016601903
360,39.976499,116.330751,0,224,39704.4889467593,2008-09-13,11:44:05,2008-09-13 11:44:05,walk,-565.3329598864065,1.713615096498479
361,39.976487,116.330751,0,226,39704.488969907405,2008-09-13,11:44:07,2008-09-13 11:44:07,walk,-565.3329598864065,0.3796208489861434
362,39.976456,116.330776,0,228,39704.4889930556,2008-09-13,11:44:09,2008-09-13 11:44:09,walk,-563.2032708530519,-3.0665309668036156
363,39.97644,116.330784,0,229,39704.489016203705,2008-09-13,11:44:11,2008-09-13 11:44:11,walk,-562.5217703639366,-4.845189973888272
364,39.976411,116.330804,0,232,39704.4890393519,2008-09-13,11:44:13,2008-09-13 11:44:13,walk,-560.8180191346412,-8.06900943068709
365,39.976385,116.330812,0,234,39704.4890625,2008-09-13,11:44:15,2008-09-13 11:44:15,walk,-560.1365186455218,-10.959330332879926
366,39.976282,116.330811,0,236,39704.4890856481,2008-09-13,11:44:17,2008-09-13 11:44:17,walk,-560.2217062072039,-22.409447837771292
367,39.976264,116.330807,0,237,39704.4891087963,2008-09-13,11:44:19,2008-09-13 11:44:19,walk,-560.5624564517634,-24.410439260473257
368,39.97623,116.330772,0,238,39704.4891319444,2008-09-13,11:44:21,2008-09-13 11:44:21,walk,-563.5440210997766,-28.190089736036423
369,39.976218,116.330759,0,239,39704.4891550926,2008-09-13,11:44:23,2008-09-13 11:44:23,walk,-564.6514593951273,-29.524084025605525
370,39.976215,116.330761,0,242,39704.4891782407,2008-09-13,11:44:25,2008-09-13 11:44:25,walk,-564.481084273933,-29.85758259810923
371,39.976213,116.330749,0,243,39704.4892013889,2008-09-13,11:44:27,2008-09-13 11:44:27,walk,-565.5033350097681,-30.07991498007813
372,39.976215,116.33073799999998,0,244,39704.489224537,2008-09-13,11:44:29,2008-09-13 11:44:29,walk,-566.4403981860875,-29.85758259810923
373,39.976213,116.330732,0,244,39704.489247685204,2008-09-13,11:44:31,2008-09-13 11:44:31,walk,-566.9515235518354,-30.07991498007813
374,39.976212,116.330729,0,244,39704.4892708333,2008-09-13,11:44:33,2008-09-13 11:44:33,walk,-567.2070862368765,-30.191081171435368
375,39.976211,116.330728,0,244,39704.489293981496,2008-09-13,11:44:35,2008-09-13 11:44:35,walk,-567.292273798557,-30.30224736209827
376,39.976197,116.330574,0,246,39704.490219907406,2008-09-13,11:45:55,2008-09-13 11:45:55,walk,-580.4111582450984,-31.858574036259647
377,39.975571,116.33013,0,318,39704.4902430556,2008-09-13,11:45:57,2008-09-13 11:45:57,walk,-618.2344354785478,-101.44861218499594
378,39.975485,116.330148,0,310,39704.4902662037,2008-09-13,11:45:59,2008-09-13 11:45:59,walk,-616.7010593750014,-111.00890535830315
379,39.975392,116.330143,0,294,39704.4902893519,2008-09-13,11:46:01,2008-09-13 11:46:01,walk,-617.1269971790138,-121.34736203557301
380,39.97534,116.33014,0,282,39704.4903125,2008-09-13,11:46:03,2008-09-13 11:46:03,walk,-617.3825598640221,-127.12800452666669
381,39.975327,116.330159,0,279,39704.4903356481,2008-09-13,11:46:05,2008-09-13 11:46:05,walk,-615.7639961988025,-128.57316515502893
382,39.975303,116.330173,0,274,39704.4903587963,2008-09-13,11:46:07,2008-09-13 11:46:07,walk,-614.5713703397587,-131.24115401362138
383,39.97528,116.330185,0,271,39704.4903819444,2008-09-13,11:46:09,2008-09-13 11:46:09,walk,-613.5491196040516,-133.79797667557636
384,39.97527,116.330186,0,268,39704.4904050926,2008-09-13,11:46:11,2008-09-13 11:46:11,walk,-613.463932044549,-134.90963870499587
385,39.975233,116.330205,0,265,39704.4904282407,2008-09-13,11:46:13,2008-09-13 11:46:13,walk,-611.8453683771447,-139.02278822371298
386,39.975227,116.330227,0,265,39704.4904513889,2008-09-13,11:46:15,2008-09-13 11:46:15,walk,-609.9712420290558,-139.68978544595467
387,39.975234,116.330247,0,267,39704.490474537,2008-09-13,11:46:17,2008-09-13 11:46:17,walk,-608.2674908021327,-138.91162202052232
388,39.975222,116.330246,0,266,39704.4904976852,2008-09-13,11:46:19,2008-09-13 11:46:19,walk,-608.3526783638042,-140.24561646319168
389,39.975227,116.330249,0,266,39704.4905208333,2008-09-13,11:46:21,2008-09-13 11:46:21,walk,-608.0971156787896,-139.68978544595467
390,39.975219,116.330248,0,268,39704.4905439815,2008-09-13,11:46:23,2008-09-13 11:46:23,walk,-608.1823032404612,-140.57911507397046
391,39.975191,116.330231,0,272,39704.4905671296,2008-09-13,11:46:25,2008-09-13 11:46:25,walk,-609.6304917845387,-143.69176878060313
392,39.975154,116.330206,0,277,39704.4905902778,2008-09-13,11:46:27,2008-09-13 11:46:27,walk,-611.7601808154742,-147.80491833746962
393,39.975146,116.330208,0,280,39704.4906134259,2008-09-13,11:46:29,2008-09-13 11:46:29,walk,-611.5898056943004,-148.69424797367333
394,39.975142,116.330209,0,280,39704.4906365741,2008-09-13,11:46:31,2008-09-13 11:46:31,walk,-611.5046181326295,-149.13891279314328
395,39.975135,116.330204,0,281,39704.4906597222,2008-09-13,11:46:33,2008-09-13 11:46:33,walk,-611.9305559388155,-149.9170762254107
396,39.97512800000001,116.330198,0,282,39704.4906828704,2008-09-13,11:46:35,2008-09-13 11:46:35,walk,-612.4416813066715,-150.69523965759868
397,39.975119,116.330203,0,283,39704.4907060185,2008-09-13,11:46:37,2008-09-13 11:46:37,walk,-612.0157435004862,-151.69573550253202
398,39.97511400000001,116.33022,0,285,39704.4907291667,2008-09-13,11:46:39,2008-09-13 11:46:39,walk,-610.5675549585852,-152.25156652597903
399,39.975105,116.330218,0,285,39704.4907523148,2008-09-13,11:46:41,2008-09-13 11:46:41,walk,-610.7379300797597,-153.25206237252635
400,39.975094,116.330219,0,286,39704.490775463,2008-09-13,11:46:43,2008-09-13 11:46:43,walk,-610.6527425202563,-154.47489063004085
401,39.975081,116.330218,0,287,39704.4907986111,2008-09-13,11:46:45,2008-09-13 11:46:45,walk,-610.7379300797597,-155.9200512986608
402,39.975068,116.33021399999998,0,288,39704.4908217593,2008-09-13,11:46:47,2008-09-13 11:46:47,walk,-611.0786803264432,-157.36521197015276
403,39.975056,116.33021,0,288,39704.4908449074,2008-09-13,11:46:49,2008-09-13 11:46:49,walk,-611.4194305709588,-158.69920643763155
404,39.975041,116.330204,0,289,39704.490868055604,2008-09-13,11:46:51,2008-09-13 11:46:51,walk,-611.9305559388155,-160.3666995259883
405,39.975033,116.330204,0,289,39704.4908912037,2008-09-13,11:46:53,2008-09-13 11:46:53,walk,-611.9305559388155,-161.25602917306463
406,39.975027,116.330207,0,290,39704.490914351896,2008-09-13,11:46:55,2008-09-13 11:46:55,walk,-611.674993255971,-161.9230264099706
407,39.97502,116.33021,0,291,39704.4909375,2008-09-13,11:46:57,2008-09-13 11:46:57,walk,-611.4194305709588,-162.70118985254967
408,39.975006,116.330216,0,292,39704.4909837963,2008-09-13,11:47:01,2008-09-13 11:47:01,walk,-610.9083052031015,-164.25751674100513
409,39.974921,116.330914,0,312,39704.4932986111,2008-09-13,11:50:21,2008-09-13 11:50:21,walk,-551.4473873863952,-173.7066443288205
410,39.974908,116.330869,0,316,39704.4933217593,2008-09-13,11:50:23,2008-09-13 11:50:23,walk,-555.2808276469684,-175.1518050269562
411,39.97490300000001,116.330817,0,324,39704.4933680556,2008-09-13,11:50:27,2008-09-13 11:50:27,walk,-559.71058083928,-175.70763606391722
412,39.974914,116.330827,0,329,39704.4933912037,2008-09-13,11:50:29,2008-09-13 11:50:29,walk,-558.8587052246272,-174.48480778161138
413,39.973196,116.328138,0,833,39704.4943402778,2008-09-13,11:51:51,2008-09-13 11:51:51,walk,-787.9280576096087,-365.46837125696095
414,39.974586,116.329458,0,459,39704.494363425896,2008-09-13,11:51:53,2008-09-13 11:51:53,walk,-675.4804766881475,-210.94732454656858
415,39.97544,116.330262,0,245,39704.4943865741,2008-09-13,11:51:55,2008-09-13 11:51:55,walk,-606.9896773813934,-116.0113843819031
416,39.97547700000001,116.330291,0,239,39704.4944097222,2008-09-13,11:51:57,2008-09-13 11:51:57,walk,-604.519238103742,-111.89823495917291
417,39.975465,116.330395,0,226,39704.5089930556,2008-09-13,12:12:57,2008-09-13 12:12:57,walk,-595.6597317244,-113.23222936519679
418,39.975206,116.330629,0,207,39704.509039351804,2008-09-13,12:13:01,2008-09-13 12:13:01,walk,-575.7258423701443,-142.0242757224821
